0 110100101101000
10 11111010
32 00
33 1101001110
34 11010000
39 1111101110
40 01111110111110
41 01111110111111
44 011100
45 011111010
46 1111110
48 110100101101001
49 110100101101010
50 110100101101011
56 110100101101100
58 110100101100
59 01111101110
63 1101001100
65 011111100
66 0111110110
67 011111101010
68 110100101110
69 0111111011110
70 110100100
71 110100101101101
72 011111000
73 11010001
74 110100101101110
75 011111101011
76 110100101111
77 11111011111
78 01111101111
79 01111110100
80 1101001111
82 01111110110
83 011111001
84 1101001101
85 0111111011100
86 110100101101111
87 1101001010
89 11111011110
90 0111111011101
97 1000
98 1101110
99 101110
100 11000
101 010
102 011101
103 1111111
104 11110
105 11101
106 111110110010
107 01111111
108 10110
109 110110
110 0110
111 1001
112 1111100
113 11111011000
114 11001
115 11100
116 1010
117 110101
118 1101111
119 011110
120 1111101101
121 101111
122 111110110011
